10 17
10 24
10 19
10 8
10 7
17 5
17 26
17 37
17 32
0 20
0 7
0 30
0 34
0 23
20 35
20 37
20 26
20 8
21 28
21 5
21 14
21 23
21 22
28 16
28 12
28 31
28 15
7 25
7 33
7 36
25 15
25 24
25 2
25 4
16 5
16 24
16 18
16 31
13 30
13 26
13 19
13 31
13 14
30 6
30 11
30 3
1 11
1 15
1 3
1 37
1 22
11 31
11 19
11 12
35 29
35 37
35 15
35 2
14 18
14 33
14 27
18 22
18 4
18 29
29 34
29 22
29 5
34 26
34 6
34 4
9 36
9 23
9 3
9 5
9 2
36 12
36 32
36 19
12 27
12 4
2 27
2 23
27 3
27 23
31 22
24 6
24 32
6 26
6 33
37 33
15 19
33 32
4 8
8 32
8 3
