5 31
5 7
5 39
5 12
31 17
31 13
31 32
0 20
0 2
0 15
0 34
20 37
20 14
20 36
11 28
11 1
11 15
11 39
28 1
28 14
28 9
33 36
33 1
33 29
33 12
36 32
36 3
1 23
18 30
18 26
18 37
18 13
30 21
30 35
30 17
26 32
26 14
26 3
32 38
16 22
16 25
16 39
16 7
22 4
22 19
22 6
38 23
38 35
38 6
25 24
25 29
25 39
10 35
10 29
10 19
10 21
35 12
3 23
3 21
23 6
6 19
37 34
37 15
15 12
29 21
9 19
9 8
9 24
27 34
27 4
27 7
27 13
34 17
17 4
8 4
8 2
8 14
7 24
24 2
2 13
