6 9
6 28
6 42
6 15
6 24
9 13
9 29
9 12
9 31
20 25
20 32
20 1
20 7
20 39
25 22
25 33
25 35
25 27
28 11
28 42
28 43
28 18
11 41
11 15
11 7
11 33
1 17
1 21
1 15
1 8
17 13
17 34
17 40
17 43
13 35
13 26
13 19
2 22
2 37
2 7
2 0
2 40
22 23
22 30
22 5
0 32
0 36
0 34
0 38
32 19
32 21
32 37
31 35
31 10
31 26
31 42
35 16
35 30
34 36
34 33
34 30
36 18
36 8
36 26
4 5
4 37
4 24
4 43
4 18
5 30
5 3
5 39
3 23
3 40
3 27
3 10
23 10
23 33
23 18
14 24
14 12
14 29
14 8
14 42
24 40
24 15
40 16
10 16
10 27
8 38
8 19
38 42
38 12
38 15
33 26
41 43
41 12
41 19
41 21
18 39
37 12
37 39
21 27
21 30
16 29
16 43
26 19
27 7
29 39
29 7
