24 30
24 3
24 20
24 26
24 11
30 9
30 23
30 38
30 4
21 28
21 31
21 6
21 38
21 22
28 19
28 18
28 34
28 39
1 17
1 15
1 10
1 3
1 27
17 13
17 25
17 27
17 37
33 36
33 19
33 2
33 8
33 11
36 10
36 14
36 22
36 20
13 32
13 4
13 15
13 27
25 26
25 16
25 14
25 19
5 8
5 27
5 0
5 20
5 16
8 9
8 0
8 39
32 18
32 37
32 23
32 7
3 23
3 18
3 19
26 38
26 18
26 20
31 18
31 0
31 39
31 9
16 15
16 6
16 35
10 35
10 29
10 12
35 4
35 37
35 2
12 34
12 27
12 2
12 6
34 15
34 11
34 39
15 14
23 38
23 22
14 6
14 11
4 29
4 7
38 0
9 20
9 37
29 22
29 39
29 7
6 22
2 0
2 19
7 37
7 11
